Trace 1 X	Trace 1 Y	Trace 2 X	Trace 2 Y	
145633	123404	259497	215611	
145612	123384	259475	215593	
145591	123365	259453	215576	
145571	123346	259430	215558	
145550	123327	259408	215541	
145529	123307	259386	215523	
145508	123288	259363	215506	
145487	123269	259341	215488	
145466	123249	259319	215471	
145446	123230	259297	215453	
145425	123211	259274	215436	
145404	123192	259252	215418	
145383	123172	259230	215401	
145362	123153	259207	215383	
145341	123134	259185	215366	
145321	123114	259163	215348	
145300	123095	259140	215331	
145279	123076	259118	215313	
145258	123057	259096	215296	
145237	123037	259073	215278	
145216	123018	259051	215261	
145196	122999	259029	215243	
145175	122979	259006	215226	
145154	122960	258984	215208	
145133	122941	258962	215191	
145112	122922	258939	215173	
145091	122902	258917	215156	
145071	122883	258895	215138	
145050	122864	258872	215121	
145029	122844	258850	215103	
145008	122825	258828	215086	
144987	122806	258806	215068	
144966	122787	258783	215051	
144946	122767	258761	215033	
144925	122748	258739	215016	
144904	122729	258716	214998	
144883	122710	258694	214981	
144862	122690	258672	214963	
144841	122671	258649	214946	
144821	122652	258627	214928	
144800	122632	258605	214911	
144779	122613	258582	214893	
144758	122594	258560	214876	
144737	122575	258538	214858	
144716	122555	258515	214841	
144696	122536	258493	214823	
144675	122517	258471	214806	
144654	122497	258448	214788	
144633	122478	258426	214771	
144612	122459	258404	214753	
144591	122440	258381	214736	
144570	122420	258359	214718	
144550	122401	258337	214701	
144529	122382	258315	214683	
144508	122362	258292	214666	
144487	122343	258270	214648	
144466	122324	258248	214630	
144445	122305	258225	214613	
144425	122285	258203	214595	
144404	122266	258181	214578	
144383	122247	258158	214560	
144362	122227	258136	214543	
144341	122208	258114	214525	
144320	122189	258091	214508	
144300	122170	258069	214490	
144279	122150	258047	214473	
144258	122131	258024	214455	
144237	122112	258002	214438	
144216	122093	257980	214420	
144195	122073	257957	214403	
144175	122054	257935	214385	
144154	122035	257913	214368	
144133	122015	257890	214350	
144112	121996	257868	214333	
144091	121977	257846	214315	
144070	121958	257823	214298	
144050	121938	257801	214280	
144029	121919	257779	214263	
144008	121900	257757	214245	
143987	121880	257734	214228	
143966	121861	257712	214210	
143945	121842	257690	214193	
143925	121823	257667	214175	
143904	121803	257645	214158	
143883	121784	257623	214140	
143862	121765	257600	214123	
143841	121745	257578	214105	
143820	121726	257556	214088	
143800	121707	257533	214070	
143779	121688	257511	214053	
143758	121668	257489	214035	
143737	121649	257466	214018	
143716	121630	257444	214000	
143695	121611	257422	213983	
143675	121591	257399	213965	
143654	121572	257377	213948	
143633	121553	257355	213930	
143612	121533	257332	213913	
143591	121514	257310	213895	
143570	121495	257288	213878	
143549	121476	257265	213860	
143529	121456	257243	213843	
143508	121437	257221	213825	
143487	121418	257199	213808	
143466	121398	257176	213790	
143445	121379	257154	213773	
143424	121360	257132	213755	
143404	121341	257109	213738	
143383	121321	257087	213720	
143362	121302	257065	213703	
143341	121283	257042	213685	
143320	121263	257020	213668	
143299	121244	256998	213650	
143279	121225	256975	213633	
143258	121206	256953	213615	
143237	121186	256931	213598	
143216	121167	256908	213580	
143195	121148	256886	213563	
143174	121128	256864	213545	
143154	121109	256841	213528	
143133	121090	256819	213510	
143112	121071	256797	213493	
143091	121051	256774	213475	
143070	121032	256752	213458	
143049	121013	256730	213440	
143029	120994	256707	213423	
143008	120974	256685	213405	
142987	120955	256663	213388	
142966	120936	256641	213370	
142945	120916	256618	213353	
142924	120897	256596	213335	
142904	120878	256574	213318	
142883	120859	256551	213300	
142862	120839	256529	213283	
142841	120820	256507	213265	
142820	120801	256484	213248	
142799	120781	256462	213230	
142779	120762	256440	213213	
142758	120743	256417	213195	
142737	120724	256395	213178	
142716	120704	256373	213160	
142695	120685	256350	213143	
142674	120666	256328	213125	
142653	120646	256306	213108	
142633	120627	256283	213090	
142612	120608	256261	213073	
142591	120589	256239	213055	
142570	120569	256216	213038	
142549	120550	256194	213020	
142528	120531	256172	213003	
142508	120511	256149	212985	
142487	120492	256127	212968	
142466	120473	256105	212950	
142445	120454	256083	212933	
142424	120434	256060	212915	
142403	120415	256038	212898	
142383	120396	256016	212880	
142362	120377	255993	212863	
142341	120357	255971	212845	
142320	120338	255949	212828	
142299	120319	255926	212810	
142278	120299	255904	212793	
142258	120280	255882	212775	
142237	120261	255859	212758	
142216	120242	255837	212740	
142195	120222	255815	212723	
142174	120203	255792	212705	
142153	120184	255770	212688	
142133	120164	255748	212670	
142112	120145	255725	212653	
142091	120126	255703	212635	
142070	120107	255681	212618	
142049	120087	255658	212600	
142028	120068	255636	212583	
142008	120049	255614	212565	
141987	120029	255591	212548	
141966	120010	255569	212530	
141945	119991	255547	212513	
141924	119972	255525	212495	
141903	119952	255502	212478	
141883	119933	255480	212460	
141862	119914	255458	212443	
141841	119894	255435	212425	
141820	119875	255413	212408	
141799	119856	255391	212390	
141778	119837	255368	212373	
141758	119817	255346	212355	
141737	119798	255324	212338	
141716	119779	255301	212320	
141695	119760	255279	212303	
141674	119740	255257	212285	
141653	119721	255234	212268	
141632	119702	255212	212250	
141612	119682	255190	212233	
141591	119663	255167	212215	
141570	119644	255145	212198	
141549	119625	255123	212180	
141528	119605	255100	212163	
141507	119586	255078	212145	
141487	119567	255056	212128	
141466	119547	255033	212110	
141445	119528	255011	212093	
141424	119509	254989	212075	
141403	119490	254967	212058	
141382	119470	254944	212040	
141362	119451	254922	212023	
141341	119432	254900	212005	
141320	119412	254877	211988	
141299	119393	254855	211970	
141278	119374	254833	211953	
141257	119355	254810	211935	
141237	119335	254788	211918	
141216	119316	254766	211900	
141195	119297	254743	211883	
141174	119277	254721	211865	
141153	119258	254699	211848	
141132	119239	254676	211830	
141112	119220	254654	211813	
141091	119200	254632	211795	
141070	119181	254609	211778	
141049	119162	254587	211760	
141028	119142	254565	211743	
141007	119123	254542	211725	
140987	119104	254520	211708	
140966	119085	254498	211690	
140945	119065	254475	211673	
140924	119046	254453	211655	
140903	119027	254431	211638	
140882	119008	254409	211620	
140862	118988	254386	211603	
140841	118969	254364	211585	
140820	118950	254342	211568	
140799	118930	254319	211550	
140778	118911	254297	211533	
140757	118892	254275	211515	
140737	118873	254252	211498	
140716	118853	254230	211480	
140695	118834	254208	211463	
140674	118815	254185	211445	
140653	118795	254163	211428	
140632	118776	254141	211410	
140612	118757	254118	211393	
140591	118738	254096	211375	
140570	118718	254074	211358	
140549	118699	254051	211340	
140528	118680	254029	211323	
140507	118660	254007	211305	
140486	118641	253984	211288	
140466	118622	253962	211270	
140445	118603	253940	211253	
140424	118583	253917	211235	
140403	118564	253895	211218	
140382	118545	253873	211200	
140361	118525	253851	211183	
140341	118506	253828	211165	
140320	118487	253806	211148	
140299	118468	253784	211130	
140278	118448	253761	211113	
140257	118429	253739	211095	
140236	118410	253717	211078	
140216	118390	253694	211060	
140195	118371	253672	211043	
140174	118352	253650	211025	
140153	118333	253627	211008	
140132	118313	253605	210990	
140111	118294	253583	210973	
140091	118275	253560	210955	
140070	118255	253538	210938	
140049	118236	253516	210920	
140028	118217	253493	210903	
140007	118198	253471	210885	
139986	118178	253449	210868	
139966	118159	253426	210850	
139945	118140	253404	210833	
139924	118121	253382	210815	
139903	118101	253359	210798	
139882	118082	253337	210780	
139861	118063	253315	210763	
139841	118043	253293	210745	
139820	118024	253270	210728	
139799	118005	253248	210710	
139778	117986	253226	210693	
139757	117966	253203	210675	
139736	117947	253181	210658	
139716	117928	253159	210640	
139695	117908	253136	210623	
139674	117889	253114	210605	
139653	117870	253092	210588	
139632	117851	253069	210570	
139611	117831	253047	210553	
139591	117812	253025	210535	
139570	117793	253002	210518	
139549	117773	252980	210500	
139528	117754	252958	210483	
139507	117735	252935	210465	
139486	117716	252913	210448	
139466	117696	252891	210430	
139445	117677	252868	210413	
139424	117658	252846	210395	
139403	117638	252824	210378	
139382	117619	252801	210360	
139361	117600	252779	210343	
139341	117581	252757	210325	
139320	117561	252735	210308	
139299	117542	252712	210290	
139278	117523	252690	210273	
139257	117503	252668	210255	
139236	117484	252645	210238	
139216	117465	252623	210220	
139195	117446	252601	210203	
139174	117426	252578	210185	
139153	117407	252556	210168	
139132	117388	252534	210150	
139111	117368	252511	210133	
139091	117349	252489	210115	
139070	117330	252467	210098	
139049	117311	252444	210080	
139028	117291	252422	210063	
139007	117272	252400	210045	
138986	117253	252377	210028	
138965	117233	252355	210010	
138945	117214	252333	209993	
138924	117195	252310	209975	
138903	117176	252288	209958	
138882	117156	252266	209940	
138861	117137	252243	209923	
138840	117118	252221	209905	
138820	117098	252199	209888	
138799	117079	252177	209870	
138778	117060	252154	209853	
138757	117041	252132	209835	
138736	117021	252110	209818	
138715	117002	252087	209800	
138695	116983	252065	209783	
138674	116963	252043	209765	
138653	116944	252020	209748	
138632	116925	251998	209730	
138611	116906	251976	209713	
138590	116886	251953	209695	
138570	116867	251931	209678	
138549	116848	251909	209660	
138528	116828	251886	209643	
138507	116809	251864	209625	
138486	116790	251842	209608	
138465	116771	251819	209590	
138445	116751	251797	209573	
138424	116732	251775	209555	
138403	116713	251752	209538	
138382	116693	251730	209520	
138361	116674	251708	209503	
138340	116655	251685	209485	
138320	116636	251663	209468	
138299	116616	251641	209450	
138278	116597	251619	209433	
138257	116578	251596	209415	
138236	116558	251574	209398	
138215	116539	251552	209380	
138195	116520	251529	209363	
138174	116501	251507	209345	
138153	116481	251485	209328	
138132	116462	251462	209310	
138111	116443	251440	209293	
138090	116423	251418	209275	
138070	116404	251395	209258	
138049	116385	251373	209240	
138028	116366	251351	209223	
138007	116346	251328	209205	
137986	116327	251306	209188	
137965	116308	251284	209170	
137945	116288	251261	209153	
137924	116269	251239	209135	
137903	116250	251217	209118	
137882	116231	251194	209100	
137861	116211	251172	209083	
137840	116192	251150	209065	
137820	116173	251127	209048	
137799	116153	251105	209030	
137778	116134	251083	209013	
137757	116115	251061	208995	
137736	116096	251038	208978	
137715	116076	251016	208960	
137695	116057	250994	208943	
137674	116038	250971	208925	
137653	116018	250949	208908	
137632	115999	250927	208890	
137611	115980	250904	208873	
137590	115961	250882	208855	
137570	115941	250860	208838	
137549	115922	250837	208820	
137528	115903	250815	208803	
137507	115883	250793	208785	
137486	115864	250770	208768	
137465	115845	250748	208750	
137445	115826	250726	208733	
137424	115806	250703	208715	
137403	115787	250681	208698	
137382	115768	250659	208680	
137361	115748	250636	208663	
137340	115729	250614	208645	
137320	115710	250592	208628	
137299	115691	250569	208610	
137278	115671	250547	208593	
137257	115652	250525	208575	
137236	115633	250502	208558	
137215	115613	250480	208540	
137195	115594	250458	208523	
137174	115575	250436	208505	
137153	115556	250413	208488	
137132	115536	250391	208470	
137111	115517	250369	208453	
137090	115498	250346	208435	
137070	115478	250324	208418	
137049	115459	250302	208400	
137028	115440	250279	208383	
137007	115421	250257	208365	
136986	115401	250235	208348	
136966	115382	250212	208330	
136945	115363	250190	208313	
136924	115343	250168	208295	
136903	115324	250145	208278	
136882	115305	250123	208260	
136861	115285	250101	208243	
136841	115266	250078	208225	
136820	115247	250056	208208	
136799	115228	250034	208190	
136778	115208	250011	208173	
136757	115189	249989	208155	
136736	115170	249967	208138	
136716	115150	249944	208120	
136695	115131	249922	208103	
136674	115112	249900	208085	
136653	115093	249878	208068	
136632	115073	249855	208050	
136611	115054	249833	208033	
136591	115035	249811	208015	
136570	115015	249788	207998	
136549	114996	249766	207980	
136528	114977	249744	207963	
136507	114958	249721	207945	
136486	114938	249699	207927	
136466	114919	249677	207910	
136445	114900	249654	207892	
136424	114880	249632	207875	
136403	114861	249610	207857	
136382	114842	249587	207840	
136361	114822	249565	207822	
136341	114803	249543	207805	
136320	114784	249520	207787	
136299	114765	249498	207770	
136278	114745	249476	207752	
136257	114726	249453	207735	
136236	114707	249431	207717	
136215	114688	249409	207700	
136194	114669	249386	207682	
136173	114650	249364	207665	
136152	114630	249342	207647	
136132	114611	249320	207630	
136111	114592	249297	207612	
136090	114573	249275	207595	
136069	114554	249253	207577	
136048	114535	249230	207560	
136027	114516	249208	207542	
136006	114497	249186	207525	
135985	114477	249163	207507	
135963	114458	249141	207490	
135942	114439	249119	207472	
135921	114420	249096	207455	
135900	114401	249074	207437	
135879	114382	249052	207420	
135858	114363	249029	207402	
135837	114344	249007	207385	
135816	114325	248985	207367	
135795	114306	248962	207350	
135774	114287	248940	207332	
135753	114268	248918	207315	
135732	114249	248895	207297	
135711	114230	248873	207280	
135689	114211	248851	207262	
135668	114192	248828	207245	
135647	114173	248806	207227	
135626	114154	248784	207210	
135605	114135	248762	207192	
135584	114116	248739	207175	
135563	114097	248717	207157	
135542	114078	248695	207140	
135520	114060	248672	207122	
135499	114041	248650	207105	
135478	114022	248628	207087	
135457	114003	248605	207070	
135436	113984	248583	207052	
135415	113965	248561	207035	
135393	113946	248538	207017	
135372	113927	248516	207000	
135351	113908	248494	206982	
135330	113889	248471	206965	
135309	113870	248449	206947	
135287	113851	248427	206930	
135266	113833	248404	206912	
135245	113814	248382	206895	
135224	113795	248360	206877	
135203	113776	248337	206860	
135181	113757	248315	206842	
135160	113738	248293	206825	
135139	113719	248270	206807	
135118	113700	248248	206790	
135097	113682	248226	206772	
135075	113663	248204	206755	
135054	113644	248181	206737	
135033	113625	248159	206720	
135012	113606	248137	206702	
134991	113587	248114	206685	
134969	113568	248092	206667	
134948	113550	248070	206650	
134927	113531	248047	206632	
134906	113512	248025	206615	
134884	113493	248003	206597	
134863	113474	247980	206580	
134842	113455	247958	206562	
134821	113436	247936	206545	
134799	113418	247913	206527	
134778	113399	247891	206510	
134757	113380	247869	206492	
134736	113361	247846	206475	
134714	113342	247824	206457	
134693	113323	247802	206440	
134672	113305	247779	206422	
134651	113286	247757	206405	
134629	113267	247735	206387	
134608	113248	247712	206370	
134587	113229	247690	206352	
134566	113211	247668	206335	
134544	113192	247646	206317	
134523	113173	247623	206300	
134502	113154	247601	206282	
134481	113135	247579	206265	
134459	113116	247556	206247	
134438	113098	247534	206230	
134417	113079	247512	206212	
134396	113060	247489	206195	
134374	113041	247467	206177	
134353	113022	247445	206160	
134332	113004	247422	206142	
134311	112985	247400	206125	
134289	112966	247378	206107	
134268	112947	247355	206090	
134247	112928	247333	206072	
134225	112910	247311	206055	
134204	112891	247288	206037	
134183	112872	247266	206020	
134162	112853	247244	206002	
134140	112834	247221	205985	
134119	112816	247199	205967	
134098	112797	247177	205950	
134077	112778	247155	205932	
134055	112759	247132	205915	
134034	112740	247110	205897	
134013	112722	247088	205880	
133991	112703	247065	205862	
133970	112684	247043	205845	
133949	112665	247021	205827	
133928	112646	246998	205810	
133906	112628	246976	205792	
133885	112609	246954	205775	
133864	112590	246931	205757	
133843	112571	246909	205739	
133821	112552	246887	205722	
133800	112534	246864	205704	
133779	112515	246842	205687	
133757	112496	246820	205669	
133736	112477	246797	205652	
133715	112458	246775	205634	
133694	112440	246753	205617	
133672	112421	246730	205599	
133651	112402	246708	205582	
133630	112383	246686	205564	
133608	112364	246663	205547	
133587	112346	246641	205529	
133566	112327	246619	205512	
133545	112308	246597	205494	
133523	112289	246574	205477	
133502	112270	246552	205459	
133481	112252	246530	205442	
133459	112233	246507	205424	
133438	112214	246485	205407	
133417	112195	246463	205389	
133396	112177	246440	205372	
133374	112158	246418	205354	
133353	112139	246396	205337	
133332	112120	246373	205319	
133310	112101	246351	205302	
133289	112083	246329	205284	
133268	112064	246306	205267	
133247	112045	246284	205249	
133225	112026	246262	205232	
133204	112007	246239	205214	
133183	111989	246217	205197	
133161	111970	246195	205179	
133140	111951	246172	205162	
133119	111932	246150	205144	
133098	111914	246128	205127	
133076	111895	246105	205109	
133055	111876	246083	205092	
133034	111857	246061	205074	
133012	111838	246039	205057	
132991	111820	246016	205039	
132970	111801	245994	205022	
132949	111782	245972	205004	
132927	111763	245949	204987	
132906	111744	245927	204969	
132885	111726	245905	204952	
132863	111707	245882	204934	
132842	111688	245860	204917	
132821	111669	245838	204899	
132800	111651	245815	204882	
132778	111632	245793	204864	
132757	111613	245771	204847	
132736	111594	245748	204829	
132714	111575	245726	204812	
132693	111557	245704	204794	
132672	111538	245681	204777	
132651	111519	245659	204759	
132629	111500	245637	204742	
132608	111481	245614	204724	
132587	111463	245592	204707	
132565	111444	245570	204689	
132544	111425	245547	204672	
132523	111406	245525	204654	
132502	111388	245503	204637	
132480	111369	245481	204619	
132459	111350	245458	204602	
132438	111331	245436	204584	
132416	111312	245414	204567	
132395	111294	245391	204549	
132374	111275	245369	204532	
132353	111256	245347	204514	
132331	111237	245324	204497	
132310	111219	245302	204479	
132289	111200	245280	204462	
132267	111181	245257	204444	
132246	111162	245235	204427	
132225	111143	245213	204409	
132203	111125	245190	204392	
132182	111106	245168	204374	
132161	111087	245146	204357	
132140	111068	245123	204339	
132118	111049	245101	204322	
132097	111031	245079	204304	
132076	111012	245056	204287	
132054	110993	245034	204269	
132033	110974	245012	204252	
132012	110956	244989	204234	
131991	110937	244967	204217	
131969	110918	244945	204199	
131948	110899	244923	204181	
131927	110880	244900	204164	
131905	110862	244878	204146	
131884	110843	244856	204129	
131863	110824	244833	204111	
131842	110805	244811	204094	
131820	110787	244789	204076	
131799	110768	244766	204059	
131778	110749	244744	204041	
131756	110730	244722	204024	
131735	110711	244699	204006	
131714	110693	244677	203989	
131693	110674	244655	203971	
131671	110655	244632	203954	
131650	110636	244610	203936	
131629	110618	244588	203919	
131607	110599	244565	203901	
131586	110580	244543	203884	
131565	110561	244521	203866	
131543	110542	244498	203849	
131522	110524	244476	203831	
131501	110505	244454	203814	
131480	110486	244432	203796	
131458	110467	244409	203779	
131437	110448	244387	203761	
131416	110430	244365	203744	
131394	110411	244342	203726	
131373	110392	244320	203709	
131352	110373	244298	203691	
131331	110355	244275	203674	
131309	110336	244253	203656	
131288	110317	244231	203639	
131267	110298	244208	203621	
131245	110279	244186	203604	
131224	110261	244164	203586	
131203	110242	244141	203569	
131182	110223	244119	203551	
131160	110204	244097	203534	
131139	110186	244074	203516	
131118	110167	244052	203499	
131096	110148	244030	203481	
131075	110129	244007	203464	
131054	110110	243985	203446	
131032	110092	243963	203429	
131011	110073	243940	203411	
130990	110054	243918	203394	
130969	110035	243896	203376	
130947	110017	243874	203359	
130926	109998	243851	203341	
130905	109979	243829	203324	
130883	109960	243807	203306	
130862	109941	243784	203289	
130841	109923	243762	203271	
130820	109904	243740	203254	
130798	109885	243717	203236	
130777	109866	243695	203219	
130756	109847	243673	203201	
130734	109829	243650	203184	
130713	109810	243628	203166	
130692	109791	243606	203149	
130671	109772	243583	203131	
130649	109754	243561	203114	
130628	109735	243539	203096	
130607	109716	243516	203079	
130585	109697	243494	203061	
130564	109678	243472	203044	
130543	109660	243449	203026	
130521	109641	243427	203009	
130500	109622	243405	202991	
130479	109603	243383	202974	
130458	109585	243360	202956	
130436	109566	243338	202939	
130415	109547	243316	202921	
130394	109528	243293	202903	
130372	109509	243271	202886	
130351	109491	243249	202868	
130330	109472	243226	202851	
130309	109453	243204	202833	
130287	109434	243182	202816	
130266	109416	243159	202798	
130245	109397	243137	202781	
130223	109378	243115	202763	
130202	109359	243092	202746	
130181	109340	243070	202728	
130160	109322	243048	202711	
130138	109303	243025	202693	
130117	109284	243003	202676	
130096	109265	242981	202658	
130074	109247	242958	202641	
130053	109228	242936	202623	
130032	109209	242914	202606	
130010	109190	242891	202588	
129989	109171	242869	202571	
129968	109153	242847	202553	
129947	109134	242825	202536	
129925	109115	242802	202518	
129904	109096	242780	202501	
129883	109077	242758	202483	
129861	109059	242735	202466	
129840	109040	242713	202448	
129819	109021	242691	202431	
129798	109002	242668	202413	
129776	108984	242646	202396	
129755	108965	242624	202378	
129734	108946	242601	202361	
129712	108927	242579	202343	
129691	108908	242557	202326	
129670	108890	242534	202308	
129649	108871	242512	202291	
129627	108852	242490	202273	
129606	108833	242467	202256	
129585	108815	242445	202238	
129563	108796	242423	202221	
129542	108777	242400	202203	
129521	108758	242378	202186	
129499	108739	242356	202168	
129478	108721	242334	202151	
129457	108702	242311	202133	
129436	108683	242289	202116	
129414	108664	242267	202098	
129393	108645	242244	202081	
129372	108627	242222	202063	
129350	108608	242200	202046	
129329	108589	242177	202028	
129308	108570	242155	202011	
129287	108552	242133	201993	
129265	108533	242110	201976	
129244	108514	242088	201958	
129223	108495	242066	201941	
129201	108476	242043	201923	
129180	108458	242021	201906	
129159	108439	241999	201888	
129138	108420	241976	201870	
129116	108401	241954	201853	
129095	108383	241932	201835	
129074	108364	241909	201818	
129052	108345	241887	201800	
129031	108326	241865	201783	
129010	108307	241843	201765	
128988	108289	241820	201748	
128967	108270	241798	201730	
128946	108251	241776	201713	
128925	108232	241753	201695	
128903	108214	241731	201678	
128882	108195	241709	201660	
128861	108176	241686	201643	
128839	108157	241664	201625	
128818	108138	241642	201608	
128797	108120	241619	201590	
128776	108101	241597	201573	
128754	108082	241575	201555	
128733	108063	241552	201538	
128712	108044	241530	201520	
128690	108026	241508	201503	
128669	108007	241485	201485	
128648	107988	241463	201468	
128627	107969	241441	201450	
128605	107951	241418	201433	
128584	107932	241396	201415	
128563	107913	241374	201398	
128541	107894	241352	201380	
128520	107875	241329	201363	
128499	107857	241307	201345	
128478	107838	241285	201328	
128456	107819	241262	201310	
128435	107800	241240	201293	
128414	107782	241218	201275	
128392	107763	241195	201258	
128371	107744	241173	201240	
128350	107725	241151	201223	
128328	107706	241128	201205	
128307	107688	241106	201188	
128286	107669	241084	201170	
128265	107650	241061	201153	
128243	107631	241039	201135	
128222	107612	241017	201118	
128201	107594	240994	201100	
128179	107575	240972	201083	
128158	107556	240950	201065	
128137	107537	240927	201048	
128116	107519	240905	201030	
128094	107500	240883	201013	
128073	107481	240861	200995	
128052	107462	240838	200977	
128030	107443	240816	200960	
128009	107425	240794	200942	
127988	107406	240771	200925	
127967	107387	240749	200907	
127945	107368	240727	200890	
127924	107350	240704	200872	
127903	107331	240682	200855	
127881	107312	240660	200837	
127860	107293	240637	200820	
127839	107274	240615	200802	
127817	107256	240593	200785	
127796	107237	240570	200767	
127775	107218	240548	200750	
127754	107199	240526	200732	
127732	107180	240503	200715	
127711	107162	240481	200697	
127690	107143	240459	200680	
127668	107124	240437	200662	
127647	107105	240414	200645	
127626	107087	240392	200627	
127605	107068	240370	200610	
127583	107049	240347	200592	
127562	107030	240325	200575	
127541	107011	240303	200557	
127519	106993	240280	200540	
127498	106974	240258	200522	
127477	106955	240236	200505	
127456	106936	240213	200487	
127434	106918	240191	200470	
127413	106899	240169	200452	
127392	106880	240146	200435	
127370	106861	240124	200417	
127349	106842	240102	200400	
127328	106824	240079	200382	
127307	106805	240057	200365	
127285	106786	240035	200347	
127264	106767	240013	200330	
127243	106748	239990	200312	
127221	106730	239968	200295	
127200	106711	239946	200277	
127179	106692	239923	200260	
127157	106673	239901	200242	
127136	106655	239879	200224	
127115	106636	239856	200207	
127094	106617	239834	200189	
127072	106598	239812	200172	
127051	106579	239789	200154	
127030	106561	239767	200137	
127008	106542	239745	200119	
126987	106523	239722	200102	
126966	106504	239700	200084	
126945	106486	239678	200067	
126923	106467	239655	200049	
126902	106448	239633	200032	
126881	106429	239611	200014	
126859	106410	239588	199997	
126838	106392	239566	199979	
126817	106373	239544	199962	
126796	106354	239522	199944	
126774	106335	239499	199927	
126753	106316	239477	199909	
126732	106298	239455	199892	
126710	106279	239432	199874	
126689	106260	239410	199857	
126668	106241	239388	199839	
126647	106223	239365	199822	
126625	106204	239343	199804	
126604	106185	239321	199787	
126583	106166	239298	199769	
126561	106147	239276	199752	
126540	106129	239254	199734	
126519	106110	239231	199717	
126497	106091	239209	199699	
126476	106072	239187	199682	
126455	106054	239165	199664	
126434	106035	239142	199647	
126412	106016	239120	199629	
126391	105997	239098	199611	
126370	105978	239075	199594	
126348	105960	239053	199576	
126327	105941	239031	199559	
126306	105922	239008	199541	
126285	105903	238986	199524	
126263	105884	238964	199506	
126242	105866	238941	199489	
126221	105847	238919	199471	
126199	105828	238897	199454	
126178	105809	238874	199436	
126157	105791	238852	199419	
126136	105772	238830	199401	
126114	105753	238807	199384	
126093	105734	238785	199366	
126072	105715	238763	199349	
126050	105697	238741	199331	
126029	105678	238718	199314	
126008	105659	238696	199296	
125987	105640	238674	199279	
125965	105621	238651	199261	
125944	105603	238629	199244	
125923	105584	238607	199226	
125901	105565	238584	199209	
125880	105546	238562	199191	
125859	105528	238540	199174	
125837	105509	238517	199156	
125816	105490	238495	199139	
125795	105471	238473	199121	
125774	105452	238451	199103	
125752	105434	238428	199086	
125731	105415	238406	199068	
125710	105396	238384	199051	
125688	105377	238361	199033	
125667	105358	238339	199016	
125646	105340			
125625	105321			
125603	105302			
125582	105283			
125561	105265			
125539	105246			
125518	105227			
125497	105208			
125476	105189			
125454	105171			
125433	105152			
125412	105133			
125390	105114			
125369	105096			
125348	105077			
125327	105058			
125305	105039			
125284	105020			
125263	105002			
125241	104983			
125220	104964			
125199	104945			
125178	104926			
125156	104908			
125135	104889			
125114	104870			
125092	104851			
125071	104833			
125050	104814			
125029	104795			
125007	104776			
124986	104757			
124965	104739			
124943	104720			
124922	104701			
124901	104682			
124879	104663			
124858	104645			
124837	104626			
124816	104607			
124794	104588			
124773	104570			
124752	104551			
124730	104532			
124709	104513			
124688	104494			
124667	104476			
124645	104457			
124624	104438			
124603	104419			
124581	104400			
124560	104382			
124539	104363			
124518	104344			
124496	104325			
124475	104307			
124454	104288			
124432	104269			
124411	104250			
124390	104231			
124369	104213			
124347	104194			
124326	104175			
124305	104156			
124283	104137			
124262	104119			
124241	104100			
124220	104081			
124198	104062			
124177	104043			
124156	104025			
124134	104006			
124113	103987			
124092	103968			
124071	103950			
124049	103931			
124028	103912			
124007	103893			
123985	103874			
123964	103856			
123943	103837			
123922	103818			
123900	103799			
123879	103780			
123858	103762			
123836	103743			
123815	103724			
123794	103705			
123773	103687			
123751	103668			
123730	103649			
123709	103630			
123687	103611			
123666	103593			
123645	103574			
123624	103555			
123602	103536			
123581	103517			
123560	103499			
123538	103480			
123517	103461			
123496	103442			
123475	103423			
123453	103405			
123432	103386			
123411	103367			
123389	103348			
123368	103330			
123347	103311			
123326	103292			
123304	103273			
123283	103254			
123262	103236			
123240	103217			
123219	103198			
123198	103179			
123177	103160			
123155	103142			
123134	103123			
123113	103104			
123091	103085			
123070	103066			
123049	103048			
123028	103029			
123006	103010			
122985	102991			
122964	102973			
122942	102954			
122921	102935			
122900	102916			
122879	102897			
122857	102879			
122836	102860			
122815	102841			
122793	102822			
122772	102803			
122751	102785			
122730	102766			
122708	102747			
122687	102728			
122666	102709			
